9784006023737
9784022520715
9784040756479
9784040758718
9784040761152
9784040761886
9784041153383
9784041153482
9784041153598
9784041156858
9784041166987
9784041168837
9784041169322
9784046065599
9784046065698
9784046068163
9784046069238
9784046073686
9784046073693
9784046822321
9784046827937
9784046834904
9784046836915
9784046837530
9784046838315
9784046839329
9784046839770
9784046839886
9784046840257
9784046840271
9784046840370
9784046840547
9784046841001
9784046841063
9784046841582
9784046844347
9784046846839
9784046847263
9784046849618
9784046852137
9784047379428
9784047381179
9784047381674
9784047383654
9784048113182
9784048113359
9784049159226
9784049161342
9784049163926
9784065349939
9784065349946
9784065349953
9784065349960
9784065353165
9784065370520
9784065371640
9784065374832
9784065375723
9784065376188
9784065382028
9784065387566
9784065391938
9784065399026
9784074602339
9784074607181
9784087213386
9784087881080
9784088432168
9784088552361
9784088552378
9784088677811
9784088678276
9784088842738
9784088935324
9784088938264
9784088938585
9784091795069
9784098728213
9784098732616
9784099425401
9784107727558
9784295206361
9784295208181
9784297151584
9784299059062
9784299073020
9784334102623
9784344854505
9784344854680
9784344855663
9784396701581
9784396750619
9784403669378
9784403669439
9784408559803
9784408651187
9784416524077
9784416723708
9784434342578
9784434342585
9784434342592
9784434342615
9784434342639
9784434344206
9784434345517
9784434345555
9784434346606
9784434346743
9784434347481
9784434348396
9784434350849
9784434354113
9784434366871
9784480017949
9784537148886
9784575381658
9784575381856
9784575381955
9784575419962
9784575423396
9784575441086
9784575860610
9784575861778
9784582946338
9784592156239
9784592165934
9784592165941
9784592225270
9784592721505
9784592721512
9784592721536
9784592721642
9784592721659
9784596714916
9784596714992
9784596715012
9784596715111
9784596717399
9784596717412
9784596717436
9784600015053
9784757594364
9784757594852
9784757598133
9784757598249
9784757598287
9784758018586
9784758018647
9784758019156
9784758019521
9784758027731
9784758027748
9784758027755
9784758027960
9784758027991
9784758028011
9784758028493
9784758028608
9784758028615
9784758028622
9784758029841
9784758029933
9784758039895
9784758085540
9784758085632
9784758085649
9784758085656
9784758085847
9784758086097
9784758086363
9784758086899
9784758087902
9784758087919
9784758088176
9784758088503
9784758088893
9784758089050
9784760156627
9784773066043
9784774743790
9784775321652
9784775321942
9784776755241
9784776755258
9784776755272
9784776755289
9784776755296
9784779129841
9784779651038
9784779652400
9784781623719
9784781623900
9784781624044
9784785976262
9784785976729
9784785977153
9784785977764
9784785977993
9784785978150
9784785978570
9784785978679
9784785979003
9784785979102
9784785979171
9784785980351
9784785980481
9784785980764
9784785980849
9784796416825
9784796416900
9784796416931
9784796417006
9784799218624
9784799218921
9784799218969
9784799219089
9784799219218
9784799219355
9784799219362
9784799219553
9784799219584
9784799219683
9784799219706
9784799219713
9784799219720
9784799219737
9784799219751
9784799219799
9784799219805
9784799219898
9784799219973
9784799219980
9784799220009
9784799220023
9784799220115
9784799220382
9784799220405
9784799220412
9784799220474
9784799220498
9784799220580
9784799220689
9784799220702
9784799220719
9784799220818
9784799220993
9784799221006
9784799221020
9784799221112
9784799221136
9784799221273
9784799221280
9784799765371
9784799766545
9784799767047
9784799769607
9784799769973
9784799772607
9784799773512
9784799773529
9784799774618
9784800015143
9784800015211
9784800015808
9784800015815
9784800016331
9784800016713
9784800016799
9784801942301
9784801984851
9784801987326
9784801987371
9784802157797
9784802158336
9784802159098
9784803021196
9784813033981
9784813033998
9784813034018
9784813034117
9784813034216
9784815519056
9784821110124
9784821110469
9784821110476
9784821110674
9784821110940
9784821110957
9784821111114
9784821157648
9784821157785
9784821157891
9784821157983
9784821158324
9784821158331
9784821158409
9784821158539
9784821158805
9784821158911
9784821159017
9784821159055
9784821159130
9784821159185
9784821159208
9784821159253
9784821159369
9784821159543
9784821159635
9784823607189
9784823607257
9784823607363
9784823607554
9784823607561
9784823607585
9784823607714
9784823607721
9784823607868
9784823607905
9784823607929
9784823607936
9784823607950
9784823607967
9784823608094
9784823608117
9784823608254
9784823608285
9784823608384
9784823608513
9784823608520
9784823608810
9784823608834
9784823608971
9784823609138
9784823609268
9784823609343
9784823609350
9784823609374
9784823609428
9784823609589
9784823609626
9784823609749
9784823609756
9784829626870
9784829626900
9784832292789
9784832292819
9784832295865
9784838756438
9784845864539
9784845864560
9784845864607
9784845864638
9784845864652
9784845864669
9784845864676
9784845866922
9784845867462
9784845867547
9784845868018
9784845868056
9784845868094
9784845868131
9784845868186
9784845868223
9784845925025
9784846210410
9784847074608
9784861174568
9784861174575
9784861174582
9784861174629
9784861174667
9784861174704
9784861174711
9784861174728
9784861174735
9784861174742
9784861174780
9784861174797
9784861174810
9784861174872
9784861174889
9784861529955
9784862796585
9784862796875
9784863062061
9784863114210
9784863114326
9784864425131
9784864425148
9784864425186
9784864425261
9784864682831
9784864682848
9784864682916
9784864682930
9784865377347
9784865377354
9784865377385
9784865377408
9784865377422
9784865377446
9784865377453
9784865377484
9784865377491
9784865377507
9784866401782
9784866401812
9784866537849
9784866538273
9784866538358
9784866538471
9784866538655
9784866538662
9784866538679
9784866538686
9784866538693
9784866538792
9784866538808
9784866538815
9784866538884
9784866539003
9784866539010
9784866539089
9784866539096
9784866539102
9784866539119
9784866539195
9784866539225
9784866539249
9784866539256
9784866539294
9784866539331
9784866539348
9784866539379
9784866539485
9784866577920
9784866578071
9784866578132
9784866578255
9784866697444
9784866697611
9784867104545
9784867105108
9784867105276
9784867166574
9784867320266
9784867782057
9784867800386
9784867870532
9784867870556
9784867870563
9784867870594
9784867870693
9784867870969
9784867910238
9784868051435
9784868120001
9784868120025
9784868120063
9784868120070
9784868120094
9784868120100
9784868120117
9784868120124
9784868120148
9784868120155
9784868120162
9784868120186
9784868120193
9784868120216
9784868120247
9784868120261
9784868120315
9784868120353
9784868120360
9784868120384
9784868120421
9784868120438
9784868120469
9784868120476
9784868120490
9784868120513
9784868120520
9784868120537
9784868120582
9784868120599
9784868120605
9784868120612
9784868120698
9784868120704
9784868120742
9784868120773
9784868120797
9784868120858
9784868120865
9784870424517
9784870424555
9784870424593
9784870424623
9784877233280
9784892194665
9784893792075
9784902591569
9784908356551
9784910526690
9784910582467
9784910582474
9784910582672
9784910803470
9784910803586